1, -53, -35, 322, 442, 29, 29, 12, 2, 14, 10, 8, 4, 0, 0, 0, 0, 0, 
1, -32, 22, 470, 161, 63, 63, 121, 0, 0, 0, 0, 0, 0, 0, 0, 0, 0, 
0, -30, -19, 54, 258, 56, 56, 3, 36, 36, 20, 16, 1, 0, 0, 0, 0, 0, 
1, -29, 30, 424, 158, 55, 55, 96, 10, 10, 19, 17, 10, 21, 28, 20, 16, 9, 
1, -20, -6, 389, 157, 46, 46, 13, 0, 0, 0, 0, 0, 0, 0, 0, 0, 0, 
1, -18, 7, 153, 182, 46, 46, 35, 9, 0, 16, 14, 3, 0, 0, 0, 0, 0, 
1, -10, 32, 548, 211, 97, 97, 46, 28, 59, 34, 30, 14, 28, 29, 34, 29, 14, 
1, -5, 27, 290, 143, 41, 41, 55, 27, 10, 14, 13, 18, 12, 14, 15, 13, 18, 
1, -10, 6, 211, 40, 31, 31, 9, 0, 0, 0, 0, 0, 0, 0, 0, 0, 0, 
0, 2, 7, 212, 98, 93, 93, 4, 0, 31, 33, 28, 6, 0, 0, 0, 0, 0, 
1, -61, 10, 485, 128, 81, 81, 95, 5, 2, 28, 24, 4, 0, 0, 0, 0, 0, 
0, -52, -51, 159, 213, 50, 50, 2, 0, 0, 0, 0, 0, 0, 0, 0, 0, 0, 
1, -30, 19, 199, 87, 81, 81, 59, 24, 5, 29, 24, 14, 0, 0, 0, 0, 0, 
1, -22, 23, 343, 114, 70, 70, 68, 0, 0, 0, 0, 0, 0, 0, 0, 0, 0, 
1, 1, 20, 119, 86, 80, 80, 17, 0, 0, 0, 0, 0, 0, 0, 0, 0, 0, 
0, 32, 34, 294, 172, 55, 55, 2, 0, 0, 0, 0, 0, 0, 0, 0, 0, 0, 
0, -53, -42, 217, 153, 45, 45, 4, 0, 0, 0, 0, 0, 0, 0, 0, 0, 0, 
0, -50, -41, 403, -10, 36, 36, 2, 0, 0, 0, 0, 0, 0, 0, 0, 0, 0, 
1, -49, -11, 408, 170, 91, 91, 42, 36, 11, 32, 28, 16, 0, 0, 0, 0, 0, 
0, -29, -24, 483, 25, 100, 100, 4, 1, 25, 35, 30, 14, 0, 0, 0, 0, 0, 
1, -19, 15, 195, 147, 122, 122, 16, 0, 0, 0, 0, 0, 0, 0, 0, 0, 0, 
1, -16, 28, 275, 188, 127, 127, 85, 25, 32, 45, 38, 36, 0, 0, 0, 0, 0, 
1, -13, 23, 493, 213, 107, 107, 59, 44, 28, 38, 32, 18, 0, 0, 0, 0, 0, 
1, -13, 19, 132, 134, 96, 96, 35, 0, 0, 0, 0, 0, 0, 0, 0, 0, 0, 
1, 24, 36, 498, 171, 90, 90, 11, 0, 0, 0, 0, 0, 0, 0, 0, 0, 0, 
0, -18, -18, 618, 160, 47, 47, 1, 0, 0, 16, 14, 80, 0, 0, 0, 0, 0, 
1, -10, 3, 480, 218, 26, 26, 9, 0, 0, 0, 0, 0, 0, 0, 0, 0, 0, 
0, -51, -51, 164, 334, 40, 40, 1, 14, 9, 14, 12, 19, 0, 13, 14, 12, 15, 
1, -34, 46, 93, 155, 104, 104, 76, 52, 27, 36, 31, 66, 16, 25, 36, 31, 40, 
1, 18, 39, 14, 286, 100, 100, 16, 0, 0, 0, 0, 0, 0, 0, 0, 0, 0, 
1, -70, 70, 206, 105, 143, 143, 27, 21, 98, 51, 43, 6, 0, 0, 0, 0, 0, 
0, -37, -37, 554, 51, 63, 63, 1, 0, 0, 0, 0, 0, 0, 0, 0, 0, 0, 
0, -10, -10, 107, 71, 55, 55, 1, 36, 16, 19, 16, 4, 0, 0, 0, 0, 0, 
0, 19, 20, 275, 83, 79, 79, 2, 0, 0, 0, 0, 0, 0, 0, 0, 0, 0, 
1, -70, -33, 108, 315, 44, 44, 38, 0, 0, 0, 0, 0, 0, 0, 0, 0, 0, 
0, -70, -60, 471, 67, 43, 43, 5, 0, 0, 0, 0, 0, 0, 0, 0, 0, 0, 
1, -63, 8, 376, 123, 40, 40, 17, 26, 7, 14, 12, 14, 6, 18, 14, 12, 12, 
1, -58, -1, 422, 121, 71, 71, 53, 0, 0, 0, 0, 0, 0, 0, 0, 0, 0, 
1, -38, 13, 125, 129, 53, 53, 84, 17, 22, 18, 16, 1, 0, 0, 0, 0, 0, 
1, -35, 51, 327, 74, 42, 42, 46, 13, 1, 14, 13, 3, 0, 0, 0, 0, 0, 
1, -33, 11, 366, 186, 63, 63, 70, 0, 0, 0, 0, 0, 0, 0, 0, 0, 0, 
1, -33, 23, 202, 101, 49, 49, 96, 18, 16, 17, 15, 17, 32, 1, 17, 15, 12, 
1, -24, 18, 283, 41, 42, 42, 50, 27, 7, 15, 12, 6, 0, 0, 0, 0, 0, 
0, -22, 31, 448, 221, 54, 54, 2, 0, 0, 0, 0, 0, 0, 0, 0, 0, 0, 
1, -19, 21, 284, 113, 53, 53, 72, 34, 13, 19, 15, 14, 15, 17, 19, 16, 14, 
0, 7, 16, 599, 171, 73, 73, 3, 0, 0, 0, 0, 0, 0, 0, 0, 0, 0, 
1, 18, 44, 295, 186, 48, 48, 24, 5, 20, 17, 14, 27, 0, 0, 0, 0, 0, 
1, 21, 30, 332, 29, 53, 53, 7, 0, 0, 0, 0, 0, 0, 0, 0, 0, 0, 
1, -57, -11, 156, 145, 60, 60, 45, 39, 5, 21, 18, 8, 22, 30, 22, 18, 2, 
0, -50, 65, 337, 10, 123, 123, 2, 0, 0, 0, 0, 0, 0, 0, 0, 0, 0, 
1, -49, 0, 368, 168, 44, 44, 60, 0, 0, 0, 0, 0, 0, 0, 0, 0, 0, 
1, -42, 13, 541, 130, 51, 51, 37, 25, 9, 18, 15, 9, 29, 34, 18, 16, 9, 
0, -30, 1, 184, 225, 46, 46, 5, 0, 0, 16, 14, 6, 0, 16, 16, 13, 1, 
0, -9, -9, 620, 93, 41, 41, 1, 0, 0, 0, 0, 0, 0, 0, 0, 0, 0, 
0, 15, 22, 264, 8, 148, 148, 2, 0, 0, 0, 0, 0, 0, 0, 0, 0, 0, 
0, 15, 15, 401, 258, 29, 29, 1, 14, 20, 10, 9, 2, 0, 0, 0, 0, 0, 
0, 48, 48, 241, 282, 45, 45, 1, 0, 0, 0, 0, 0, 0, 0, 0, 0, 0, 
1, -55, 21, 188, 130, 53, 53, 38, 0, 0, 0, 0, 0, 0, 0, 0, 0, 0, 
1, -41, 22, 418, 128, 108, 108, 94, 0, 0, 0, 0, 0, 0, 0, 0, 0, 0, 
0, -31, -28, 477, 159, 56, 56, 4, 24, 39, 20, 17, 8, 21, 20, 20, 17, 6, 
0, -29, -24, 324, 82, 51, 51, 2, 0, 0, 0, 0, 0, 0, 0, 0, 0, 0, 
1, -21, 34, 319, 174, 79, 79, 49, 20, 33, 27, 23, 30, 0, 0, 0, 0, 0, 
0, -9, -9, 133, 111, 87, 87, 1, 57, 44, 30, 26, 6, 0, 0, 0, 0, 0, 
0, 1, 6, 219, 57, 46, 46, 2, 27, 32, 16, 14, 10, 9, 32, 16, 14, 2, 
0, 22, 22, 104, 189, 81, 81, 1, 0, 0, 0, 0, 0, 0, 0, 0, 0, 0, 
